if a = 2
	sa;

if a = 3
	1 3 2 rra;
	2 1 3 ra;
	3 1 2 rra;
	2 3 1 rra sa;
	1 2 3 ra sa;

if b = 4
	4 1 3 2 ra sa rra sa
	4 2 1 3 sa ra sa rra
	4 3 1 2 sa
	4 2 3 1 ra sa rra
	4 1 2 3 pb sa rra pa ra ra

	3 1 4 2
	3 2 1 4
	3 4 1 2
	3 2 4 1
	3 1 2 4

	1 4 3 2
	1 2 4 3
	1 3 4 2
	1 2 3 4
	1 4 2 3

	2 1 3 4
	2 4 1 3
	2 3 1 4
	2 4 3 1
	2 1 4 3 


4   0
67  0
3   0
87  0
23  0
45  0
8   0
9   0
46  0

67  4
3   0
87  0
23  0
45  0
8   0
9   0
46  0
0   0

3	4
67	0
87	0
23	0
45	0
8	0
9	0
46	0
0	0

9	8
46	87
0	67
0	45
0	23
0	4
0	3
0	0
0	0

67	3
87	4
23	0
0	0
0	0

82 50 27 74 46 70 56 35 80 35 53 9 23 94 67 19 20 41 47 24 69 61 4 68 28 87 24 70 81 15 39 48 32 25 19 70 55 58 11 34 38 53 64 54 72 38 6 34 54 20 56 86 42 44 48 59 6 96 23 93 65 84 25 15 18 34 58 1 77 37 1 55 22 61 56 56 59 43 19 56 85 78 82 67 85 40 26 54 16 90 1 41 52 88 5 42 3 9 62 100



319 66 340 596 104 255 513 339 110 834 15 788 398 292 913 970 698 281 705 903 346 335 672 669 31 315 210 494 933 570 237 888 166 175 583 323 341 427 217 994 628 391 454 678 102 791 516 320 599 796 664 321 145 186 716 301 763 825 307 446 444 880 178 647 688 753 733 177 190 876 921 65 354 573 732 79 529 1000 925 569 941 951 337 660 182 747 867 580 326 943 351 976 563 25 754 518 665 285 682 955