if a = 2
	sa;

if a = 3
	1 3 2 rra;
	2 1 3 ra;
	3 1 2 rra;
	2 3 1 rra sa;
	1 2 3 ra sa;

if b = 4
	4 1 3 2 ra sa rra sa
	4 2 1 3 sa ra sa rra
	4 3 1 2 sa
	4 2 3 1 ra sa rra
	4 1 2 3 pb sa rra pa ra ra

	3 1 4 2
	3 2 1 4
	3 4 1 2
	3 2 4 1
	3 1 2 4

	1 4 3 2
	1 2 4 3
	1 3 4 2
	1 2 3 4
	1 4 2 3

	2 1 3 4
	2 4 1 3
	2 3 1 4
	2 4 3 1
	2 1 4 3 


4   0
67  0
3   0
87  0
23  0
45  0
8   0
9   0
46  0

67  4
3   0
87  0
23  0
45  0
8   0
9   0
46  0
0   0

3	4
67	0
87	0
23	0
45	0
8	0
9	0
46	0
0	0

9	8
46	87
0	67
0	45
0	23
0	4
0	3
0	0
0	0

67	3
87	4
23	0
0	0
0	0



319 66 340 596 104 255 513 339 110 834 15 788 398 292 913 970 698 281 705 903 346 335 672 669 31 315 210 494 933 570 237 888 166 175 583 323 341 427 217 994 628 391 454 678 102 791 516 320 599 796 664 321 145 186 716 301 763 825 307 446 444 880 178 647 688 753 733 177 190 876 921 65 354 573 732 79 529 1000 925 569 941 951 337 660 182 747 867 580 326 943 351 976 563 25 754 518 665 285 682 955




301	243	233	383	203	358	18	125	291	242	288	140	241	214	106	219	151	265	16	1	4	100	223	155	315	70	396	265	363	390	53	183	249	160	325	107	69	149	154	338	72	145	325	218	40	384	330	67	191	113	356	185	150	153	125	104	120	150	91	290	288	44	88	145	141	24	213	126	227	41	274	351	81	14	71	371	135	249	69	178	330	17	254	370	33	345	50	53 200	72	58	204	141	340	344	302	204	351	132	247



225 177 270 395 41 237 88 245 340 262 317 311 281 57 320 322 112 334 158 72 113 199 163 23 277 271 66 196 118 369 172 162 250 226 65 54 11 13 142 7 146 170 339 210 135 176 58 335 397 321 257 223 19 197 349 394 356 201 219 365 363 101 119 236 327 285 137 230 368 198 34 396 258 266 338 291 15 294 293 242 379 202 180 30 323 360 167 147 211 81 144 341 149 240 280 241 191 84 247 300

./push_swap 225 177 270 395 41 237 88 245 340 262 317 311 281 57 320 322 112 334 158 72 113 199 163 23 277 271 66 196 118 369 172 162 250 226 65 54 11 13 142 7 146 170 339 210 135 176 58 335 400 321 257 223 19 197 349 394 356 201 219 365 363 101 119 236 327 285 137 230 368 198 34 396 258 266 338 291 15 294 293 242 379 202 180 30 323 360 167 147 211 81 144 341 149 240 280 241 191 84 247 300





1014 1648 3105 1655 3542 1096 1031 1990 3070 2820 1656 931 2558 1601 3968 969 127 2507 1667 1882 455 458 1385 3437 623 2712 428 815 343 726 730 340 1520 652 3416 434 1256 382 713 2026 2988 3409 762 2775 125 2848 810 1896 66 1557 1643 2783 0 3077 2210 346 971 300 2532 2901 2002 555 401 586 1549 2072 1089 1880 2925 516 910 423 420 2065 2180 224 3718 663 298 2786 55 862 3842 949 8 67 2419 1016 34 570 2304 505 942 14 3916 130 2342 3387 1907 520 741 3098 2294 916 2569 2399 3468 3726 6 1767 1309 2630 202 588 212 3359 1001 310 2219 355 107 3892 405 91 3176 1873 135 1313 1 2810 2110 775 1477 2855 722 2539 2386 422 2957 1874 1860 1405 407 2728 2431 2610 3678 3900 1093 560 2148 2391 605 1493 3216 802 2996 1285 1029 486 166 3330 2240 3866 2899 3086 1797 777 3498 1998 2365 826 2697 915 2348 1032 1068 1206 1700 718 1734 2209 3430 327 2817 2264 363 464 3922 200 1525 2121 1011 431 1649 3210 3219 3750 3672 1422 1231 2472 1975 3802 1805 3555 2885 266 2671 3256 2562 1895 3166 3824 1181 525 2200 1272 1055 1992 3226 143 3998 1689 3007 1304 552 1110 1972 3769 793 3817 1630 3143 1386 3406 3748 855 284 272 1486 3774 683 767 169 1919 1023 824 904 3454 2619 1905 1955 1709 2436 3285 3507 2207 2637 2222 2564 1239 2205 3987 957 1820 3882 3168 2149 3177 109 2498 651 1281 25 2922 3497 450 812 1724 3804 2540 1326 460 353 1073 2636 3648 1434 3621 1876 1349 418 2376 3046 1100 2771 924 3876 2405 124 603 3436 3798 645 1871 457 2105 1838 123 3791 388 1098 646 2056 944 2638 2165 1971 3920 3972 2602 3539 134 840 3161 1229 3152 3128 3075 3844 2158 1688 2257 3533 554 3056 1817 1205 2628 254 559 3427 3045 647 276 1487 1365 2424 1925 788 921 2887 2670 2099 3836 3799 926 341 2695 2976 2769 566 1333 3008 946 1944 2475 3943 3031 2873 1227 795 2644 241 2111 2624 1510 2133 1616 3438 1771 2816 592 1775 1519 903 3354 323 2250 3640 538 427 1826 736 3981 111 1890 3362 1292 3057 506 1067 257 3715 412 2572 3918 1267 2706 1111 3582 119 1015 3255 1294 1506 845 1330 626 2787 513 2943 1701 3167 2672 3278 887 311 3169 1902 959 591 2903 3343 1941 3221 1548 3466 3482 2811 510 203 3713 1983 3902 3514 163 1358 876 3401 2454 2617 1789 3853 707 2289 3906 911 2884 3649 1186 3890 778 2346 3603 1194 2618 2010 2221 3803 7 1165 704 1246 2747 3282 3663 905 612 2696 497 3877 509 1034 1021 320 1091 3619 2941 2445 369 614 38 774 1588 2433 1914 477 863



200 199 198 197 196 195 194 193 192 191 190 189 188 187 186 185 184 183 182 181 180 179 178 177 176 175 174 173 172 171 170 169 168 167 166 165 164 163 162 161 160 159 158 157 156 155 154 153 152 151 150 149 148 147 146 145 144 143 142 141 140 139 138 137 136 135 134 133 132 131 130 129 128 127 126 125 124 123 122 121 120 119 118 117 116 115 114 113 112 111 110 109 108 107 106 105 104 103 102 101 100 100 99 98 97 96 95 94 93 92 91 90 89 88 87 86 85 84 83 82 81 80 79 78 77 76 75 74 73 72 71 70 69 68 67 66 65 64 63 62 61 60 59 58 57 56 55 54 53 52 51 50 49 48 47 46 45 44 43 42 41 40 39 38 37 36 35 34 33 32 31 30 29 28 27 26 25 24 23 22 21 20 19 18 17 16 15 14 13 12 11 10 9 8 7 6 5 4 3 2 1 0